image_width: 800
image_height: 600
camera_name: camera
camera_matrix:
  rows: 3
  cols: 3
  data: [786.5830110000001, 0, 390.533843, 0, 797.147364, 322.382708, 0, 0, 1]
distortion_model: plumb_bob
distortion_coefficients:
  rows: 1
  cols: 5
  data: [0.06600499999999999, -0.064593, 0.006004, -0.000721, 0]
rectification_matrix:
  rows: 3
  cols: 3
  data: [1, 0, 0, 0, 1, 0, 0, 0, 1]
projection_matrix:
  rows: 3
  cols: 4
  data: [801.913513, 0, 390.137803, 0, 0, 809.299011, 325.354467, 0, 0, 0, 1, 0]
